16.60
0 10 1 8.30
0 1 1 8.30
10 20 1 5.01
10 11 1 3.29
1 11 1 3.29
1 2 1 5.01
11 21 1 3.29
11 12 1 3.29
2 12 1 1.57
2 3 1 3.45
12 22 1 2.08
12 13 1 2.77
3 13 1 0.89
3 4 1 2.56
13 23 1 1.40
13 14 1 2.26
4 14 1 0.59
4 5 1 1.96
14 24 1 1.03
14 15 1 1.83
5 15 1 0.46
5 6 1 1.51
15 25 1 0.84
15 16 1 1.45
6 16 1 0.40
6 7 1 1.11
16 26 1 0.76
16 17 1 1.09
7 17 1 0.37
7 8 1 0.74
17 27 1 0.73
17 18 1 0.73
8 18 1 0.37
8 9 1 0.37
18 28 1 0.73
18 19 1 0.37
9 19 1 0.37
19 29 1 0.74
20 30 1 3.45
20 21 1 1.57
21 31 1 2.77
21 22 1 2.08
22 32 1 2.08
22 23 1 2.08
23 33 1 1.59
23 24 1 1.89
24 34 1 1.28
24 25 1 1.64
25 35 1 1.12
25 26 1 1.36
26 36 1 1.06
26 27 1 1.06
27 37 1 1.06
27 28 1 0.73
28 38 1 1.09
28 29 1 0.37
29 39 1 1.11
30 40 1 2.56
30 31 1 0.89
31 41 1 2.26
31 32 1 1.40
32 42 1 1.89
32 33 1 1.59
33 43 1 1.59
33 34 1 1.59
34 44 1 1.39
34 35 1 1.48
35 45 1 1.30
35 36 1 1.30
36 46 1 1.30
36 37 1 1.06
37 47 1 1.36
37 38 1 0.76
38 48 1 1.45
38 39 1 0.40
39 49 1 1.51
40 50 1 1.96
40 41 1 0.59
41 51 1 1.83
41 42 1 1.03
42 52 1 1.64
42 43 1 1.28
43 53 1 1.48
43 44 1 1.39
44 54 1 1.39
44 45 1 1.39
45 55 1 1.39
45 46 1 1.30
46 56 1 1.48
46 47 1 1.12
47 57 1 1.64
47 48 1 0.84
48 58 1 1.83
48 49 1 0.46
49 59 1 1.96
50 60 1 1.51
50 51 1 0.46
51 61 1 1.45
51 52 1 0.84
52 62 1 1.36
52 53 1 1.12
53 63 1 1.30
53 54 1 1.30
54 64 1 1.30
54 55 1 1.39
55 65 1 1.39
55 56 1 1.39
56 66 1 1.59
56 57 1 1.28
57 67 1 1.89
57 58 1 1.03
58 68 1 2.26
58 59 1 0.59
59 69 1 2.56
60 70 1 1.11
60 61 1 0.40
61 71 1 1.09
61 62 1 0.76
62 72 1 1.06
62 63 1 1.06
63 73 1 1.06
63 64 1 1.30
64 74 1 1.12
64 65 1 1.48
65 75 1 1.28
65 66 1 1.59
66 76 1 1.59
66 67 1 1.59
67 77 1 2.08
67 68 1 1.40
68 78 1 2.77
68 69 1 0.89
69 79 1 3.45
70 80 1 0.74
70 71 1 0.37
71 81 1 0.73
71 72 1 0.73
72 82 1 0.73
72 73 1 1.06
73 83 1 0.76
73 74 1 1.36
74 84 1 0.84
74 75 1 1.64
75 85 1 1.03
75 76 1 1.89
76 86 1 1.40
76 77 1 2.08
77 87 1 2.08
77 78 1 2.08
78 88 1 3.29
78 79 1 1.57
79 89 1 5.01
80 90 1 0.37
80 81 1 0.37
81 91 1 0.37
81 82 1 0.73
82 92 1 0.37
82 83 1 1.09
83 93 1 0.40
83 84 1 1.45
84 94 1 0.46
84 85 1 1.83
85 95 1 0.59
85 86 1 2.26
86 96 1 0.89
86 87 1 2.77
87 97 1 1.57
87 88 1 3.29
88 98 1 3.29
88 89 1 3.29
89 99 1 8.30
90 91 1 0.37
91 92 1 0.74
92 93 1 1.11
93 94 1 1.51
94 95 1 1.96
95 96 1 2.56
96 97 1 3.45
97 98 1 5.01
98 99 1 8.30
