0 29 50
0 1 1
0 3 1
0 9 1
0 10 1
0 20 1
0 21 1
0 28 1
1 2 1
1 3 1
1 5 1
1 6 1
1 9 1
1 10 1
1 14 1
1 15 1
1 16 1
1 19 1
1 21 1
1 22 1
2 5 1
2 6 1
2 7 1
2 11 1
2 15 1
2 17 1
2 20 1
2 21 1
2 23 1
2 26 1
2 28 1
3 4 1
3 6 1
3 9 1
3 10 1
3 11 1
3 15 1
3 17 1
3 19 1
3 22 1
3 24 1
3 27 1
3 28 1
3 29 1
4 5 1
4 10 1
4 14 1
4 15 1
4 19 1
4 20 1
4 21 1
4 22 1
4 26 1
4 29 1
5 6 1
5 9 1
5 11 1
5 13 1
5 20 1
5 21 1
5 27 1
5 28 1
5 29 1
6 7 1
6 17 1
6 19 1
6 20 1
6 22 1
6 27 1
6 29 1
7 8 1
7 9 1
7 13 1
7 15 1
7 18 1
7 20 1
7 28 1
7 29 1
8 9 1
8 10 1
8 12 1
8 14 1
8 21 1
8 22 1
8 23 1
8 24 1
8 28 1
8 29 1
9 11 1
9 13 1
9 15 1
9 16 1
9 17 1
9 21 1
9 22 1
9 23 1
9 24 1
9 25 1
9 29 1
10 15 1
10 21 1
10 22 1
10 26 1
10 27 1
10 29 1
11 17 1
11 18 1
11 20 1
11 26 1
11 29 1
12 14 1
12 17 1
12 19 1
12 20 1
12 21 1
12 23 1
13 22 1
13 25 1
14 16 1
14 17 1
14 22 1
14 23 1
14 24 1
14 28 1
15 16 1
15 19 1
15 23 1
15 25 1
16 18 1
16 19 1
16 20 1
16 22 1
16 25 1
16 29 1
17 18 1
17 20 1
17 21 1
17 23 1
17 24 1
17 25 1
17 28 1
18 20 1
18 22 1
18 24 1
18 26 1
18 27 1
18 28 1
18 29 1
19 20 1
19 21 1
19 22 1
19 26 1
19 28 1
19 29 1
20 21 1
20 24 1
20 28 1
20 29 1
21 23 1
21 26 1
22 24 1
22 25 1
22 26 1
22 28 1
22 29 1
23 24 1
23 25 1
23 26 1
23 27 1
23 29 1
24 25 1
24 26 1
24 27 1
24 29 1
25 26 1
25 29 1
26 27 1
26 28 1
