0 29 50
0 4 1
0 7 1
0 10 1
0 11 1
0 12 1
0 13 1
0 14 1
0 21 1
0 26 1
1 5 1
1 6 1
1 9 1
1 10 1
1 16 1
1 21 1
1 25 1
1 28 1
1 29 1
2 4 1
2 7 1
2 9 1
2 14 1
2 17 1
2 28 1
3 4 1
3 7 1
3 8 1
3 11 1
3 17 1
3 19 1
3 20 1
3 21 1
3 27 1
4 5 1
4 7 1
4 9 1
4 11 1
4 13 1
4 14 1
4 17 1
4 20 1
4 27 1
5 13 1
5 14 1
5 15 1
5 19 1
5 21 1
5 26 1
6 18 1
6 19 1
6 21 1
6 27 1
6 28 1
7 9 1
7 10 1
7 11 1
7 12 1
7 16 1
7 23 1
7 24 1
8 11 1
8 20 1
8 25 1
8 26 1
8 27 1
8 28 1
8 29 1
9 10 1
9 13 1
9 14 1
9 17 1
9 19 1
9 20 1
9 24 1
9 27 1
10 12 1
10 13 1
10 16 1
10 23 1
11 12 1
11 18 1
11 20 1
11 22 1
11 23 1
11 24 1
11 27 1
12 15 1
12 16 1
12 22 1
12 24 1
13 15 1
13 16 1
13 17 1
13 23 1
14 15 1
14 18 1
14 19 1
14 24 1
14 25 1
14 29 1
15 16 1
15 18 1
15 20 1
15 21 1
15 25 1
15 26 1
15 28 1
16 18 1
16 21 1
16 23 1
16 24 1
16 26 1
16 29 1
17 18 1
17 19 1
17 21 1
17 22 1
17 26 1
17 28 1
18 22 1
18 26 1
18 27 1
18 29 1
19 20 1
20 25 1
20 27 1
20 29 1
21 24 1
21 29 1
22 26 1
22 29 1
23 28 1
24 27 1
24 29 1
25 27 1
25 29 1
27 28 1
28 29 1
