0 199 50
0 20 1
0 1 1
1 21 1
1 2 1
2 22 1
2 3 1
3 23 1
3 4 1
4 24 1
4 5 1
5 25 1
5 6 1
6 26 1
6 7 1
7 27 1
7 8 1
8 28 1
8 9 1
9 29 1
9 10 1
10 30 1
10 11 1
11 31 1
11 12 1
12 32 1
12 13 1
13 33 1
13 14 1
14 34 1
14 15 1
15 35 1
15 16 1
16 36 1
16 17 1
17 37 1
17 18 1
18 38 1
18 19 1
19 39 1
20 40 1
20 21 1
21 41 1
21 22 1
22 42 1
22 23 1
23 43 1
23 24 1
24 44 1
24 25 1
25 45 1
25 26 1
26 46 1
26 27 1
27 47 1
27 28 1
28 48 1
28 29 1
29 49 1
29 30 1
30 50 1
30 31 1
31 51 1
31 32 1
32 52 1
32 33 1
33 53 1
33 34 1
34 54 1
34 35 1
35 55 1
35 36 1
36 56 1
36 37 1
37 57 1
37 38 1
38 58 1
38 39 1
39 59 1
40 60 1
40 41 1
41 61 1
41 42 1
42 62 1
42 43 1
43 63 1
43 44 1
44 64 1
44 45 1
45 65 1
45 46 1
46 66 1
46 47 1
47 67 1
47 48 1
48 68 1
48 49 1
49 69 1
49 50 1
50 70 1
50 51 1
51 71 1
51 52 1
52 72 1
52 53 1
53 73 1
53 54 1
54 74 1
54 55 1
55 75 1
55 56 1
56 76 1
56 57 1
57 77 1
57 58 1
58 78 1
58 59 1
59 79 1
60 80 1
60 61 1
61 81 1
61 62 1
62 82 1
62 63 1
63 83 1
63 64 1
64 84 1
64 65 1
65 85 1
65 66 1
66 86 1
66 67 1
67 87 1
67 68 1
68 88 1
68 69 1
69 89 1
69 70 1
70 90 1
70 71 1
71 91 1
71 72 1
72 92 1
72 73 1
73 93 1
73 74 1
74 94 1
74 75 1
75 95 1
75 76 1
76 96 1
76 77 1
77 97 1
77 78 1
78 98 1
78 79 1
79 99 1
80 100 1
80 81 1
81 101 1
81 82 1
82 102 1
82 83 1
83 103 1
83 84 1
84 104 1
84 85 1
85 105 1
85 86 1
86 106 1
86 87 1
87 107 1
87 88 1
88 108 1
88 89 1
89 109 1
89 90 1
90 110 1
90 91 1
91 111 1
91 92 1
92 112 1
92 93 1
93 113 1
93 94 1
94 114 1
94 95 1
95 115 1
95 96 1
96 116 1
96 97 1
97 117 1
97 98 1
98 118 1
98 99 1
99 119 1
100 120 1
100 101 1
101 121 1
101 102 1
102 122 1
102 103 1
103 123 1
103 104 1
104 124 1
104 105 1
105 125 1
105 106 1
106 126 1
106 107 1
107 127 1
107 108 1
108 128 1
108 109 1
109 129 1
109 110 1
110 130 1
110 111 1
111 131 1
111 112 1
112 132 1
112 113 1
113 133 1
113 114 1
114 134 1
114 115 1
115 135 1
115 116 1
116 136 1
116 117 1
117 137 1
117 118 1
118 138 1
118 119 1
119 139 1
120 140 1
120 121 1
121 141 1
121 122 1
122 142 1
122 123 1
123 143 1
123 124 1
124 144 1
124 125 1
125 145 1
125 126 1
126 146 1
126 127 1
127 147 1
127 128 1
128 148 1
128 129 1
129 149 1
129 130 1
130 150 1
130 131 1
131 151 1
131 132 1
132 152 1
132 133 1
133 153 1
133 134 1
134 154 1
134 135 1
135 155 1
135 136 1
136 156 1
136 137 1
137 157 1
137 138 1
138 158 1
138 139 1
139 159 1
140 160 1
140 141 1
141 161 1
141 142 1
142 162 1
142 143 1
143 163 1
143 144 1
144 164 1
144 145 1
145 165 1
145 146 1
146 166 1
146 147 1
147 167 1
147 148 1
148 168 1
148 149 1
149 169 1
149 150 1
150 170 1
150 151 1
151 171 1
151 152 1
152 172 1
152 153 1
153 173 1
153 154 1
154 174 1
154 155 1
155 175 1
155 156 1
156 176 1
156 157 1
157 177 1
157 158 1
158 178 1
158 159 1
159 179 1
160 180 1
160 161 1
161 181 1
161 162 1
162 182 1
162 163 1
163 183 1
163 164 1
164 184 1
164 165 1
165 185 1
165 166 1
166 186 1
166 167 1
167 187 1
167 168 1
168 188 1
168 169 1
169 189 1
169 170 1
170 190 1
170 171 1
171 191 1
171 172 1
172 192 1
172 173 1
173 193 1
173 174 1
174 194 1
174 175 1
175 195 1
175 176 1
176 196 1
176 177 1
177 197 1
177 178 1
178 198 1
178 179 1
179 199 1
180 181 1
181 182 1
182 183 1
183 184 1
184 185 1
185 186 1
186 187 1
187 188 1
188 189 1
189 190 1
190 191 1
191 192 1
192 193 1
193 194 1
194 195 1
195 196 1
196 197 1
197 198 1
198 199 1
