0 143 50
0 1 1
0 12 1
0 48 1
1 2 1
1 13 1
2 12 1
2 3 1
2 14 1
2 16 1
3 4 1
3 15 1
3 14 1
4 16 1
4 5 1
4 40 1
5 6 1
5 17 1
5 14 1
6 7 1
6 18 1
6 17 1
7 8 1
7 19 1
7 82 1
7 143 1
8 9 1
8 20 1
8 18 1
8 126 1
9 10 1
9 21 1
9 44 1
10 11 1
10 22 1
10 88 1
11 23 1
11 42 1
12 13 1
12 24 1
12 35 1
13 14 1
13 25 1
13 72 1
14 15 1
14 26 1
14 89 1
15 16 1
15 27 1
15 26 1
16 17 1
16 28 1
17 18 1
17 29 1
17 28 1
18 19 1
18 30 1
18 49 1
19 20 1
19 31 1
19 30 1
20 21 1
20 32 1
20 22 1
21 22 1
21 33 1
21 107 1
22 23 1
22 34 1
22 35 1
23 35 1
24 25 1
24 36 1
24 26 1
25 26 1
25 37 1
26 27 1
26 38 1
26 52 1
27 42 1
27 28 1
27 39 1
27 30 1
28 40 1
28 29 1
29 30 1
29 41 1
29 52 1
30 42 1
30 31 1
30 76 1
31 32 1
31 43 1
31 64 1
32 44 1
32 33 1
32 43 1
32 55 1
33 34 1
33 45 1
33 57 1
34 35 1
34 46 1
35 47 1
35 58 1
36 48 1
36 37 1
36 38 1
36 47 1
36 104 1
37 49 1
37 38 1
38 39 1
38 50 1
39 40 1
39 51 1
40 41 1
40 52 1
40 54 1
40 51 1
41 42 1
41 53 1
42 43 1
42 54 1
42 101 1
43 44 1
43 49 1
43 55 1
43 78 1
44 45 1
44 56 1
44 83 1
45 46 1
45 57 1
45 56 1
45 67 1
46 47 1
46 58 1
47 59 1
47 70 1
48 49 1
48 60 1
48 84 1
49 50 1
49 61 1
50 51 1
50 62 1
50 74 1
51 52 1
51 63 1
52 53 1
52 64 1
52 63 1
53 54 1
53 65 1
54 55 1
54 66 1
54 65 1
55 56 1
55 67 1
56 57 1
56 68 1
56 87 1
57 58 1
57 69 1
57 90 1
57 80 1
58 59 1
58 70 1
59 71 1
60 72 1
60 61 1
61 62 1
61 73 1
61 97 1
62 63 1
62 74 1
63 64 1
63 74 1
63 75 1
64 65 1
64 76 1
64 107 1
64 109 1
65 66 1
65 77 1
65 75 1
66 67 1
66 78 1
66 79 1
67 68 1
67 79 1
68 69 1
68 80 1
69 70 1
69 81 1
70 82 1
70 71 1
71 82 1
71 83 1
72 73 1
72 84 1
72 75 1
72 83 1
72 113 1
73 84 1
73 74 1
73 85 1
73 134 1
74 107 1
74 75 1
74 86 1
75 76 1
75 87 1
75 98 1
76 77 1
76 88 1
77 78 1
77 89 1
77 127 1
78 90 1
78 79 1
79 80 1
79 91 1
80 81 1
80 92 1
81 82 1
81 93 1
82 83 1
82 94 1
83 95 1
84 85 1
84 96 1
84 94 1
84 95 1
85 97 1
85 86 1
86 87 1
86 98 1
87 88 1
87 99 1
88 89 1
88 100 1
88 111 1
89 90 1
89 101 1
90 91 1
90 102 1
91 92 1
91 103 1
92 93 1
92 104 1
92 120 1
93 94 1
93 105 1
93 101 1
94 95 1
94 106 1
95 107 1
96 97 1
96 108 1
97 98 1
97 109 1
98 99 1
98 110 1
99 100 1
99 111 1
100 101 1
100 112 1
101 102 1
101 113 1
102 103 1
102 114 1
102 113 1
103 104 1
103 115 1
103 106 1
104 105 1
104 116 1
105 106 1
105 117 1
106 107 1
106 118 1
107 119 1
108 109 1
108 120 1
108 132 1
108 119 1
109 110 1
109 121 1
110 111 1
110 122 1
110 135 1
111 112 1
111 123 1
112 113 1
112 124 1
113 114 1
113 125 1
113 136 1
114 115 1
114 126 1
114 124 1
115 127 1
115 116 1
115 141 1
116 117 1
116 128 1
116 118 1
117 127 1
117 118 1
117 129 1
117 119 1
118 119 1
118 130 1
119 131 1
119 142 1
120 121 1
120 132 1
121 132 1
121 122 1
121 133 1
122 123 1
122 134 1
122 132 1
122 133 1
123 135 1
123 124 1
124 125 1
124 136 1
125 126 1
125 137 1
126 127 1
126 138 1
126 137 1
127 128 1
127 139 1
127 138 1
128 129 1
128 140 1
129 141 1
129 130 1
130 131 1
130 142 1
131 143 1
132 133 1
133 135 1
133 134 1
134 135 1
135 136 1
136 137 1
137 138 1
138 139 1
139 140 1
139 141 1
140 141 1
141 142 1
142 143 1
